41
Hsapiens.NP_055977.3_long-chain-fatty-acid--CoA_li 0.0000000 1.2451920 1.3059003 1.4540681 1.5044274 1.5920774 1.5917124 1.6217512 1.8351040 1.9597181 5.0815888 4.8934778 4.8836787 5.3569658 5.4850241 4.9324531 5.3188869 5.2828413 5.4158225 4.2786238 4.9136506 5.0963978 4.7469941 4.7568964 4.4675708 5.0285697 4.9478022 4.8917132 4.8117790 4.5640545 4.5724654 4.5274742 4.9207010 4.4871770 4.5308622 4.8604190 4.9439754 4.2729368 4.6430627 5.1737781 4.7379131 
Hsapiens.NP_112186.3_long-chain-fatty-acid--CoA_li 1.2451920 0.0000000 1.2882876 1.3158018 1.2703731 1.4697651 1.3661847 1.4032071 1.6208378 2.0431838 4.7819224 4.9586622 4.9556782 5.6827868 6.2518391 5.6803172 5.7214185 4.9212384 4.4782480 4.2633845 4.5651828 4.4688320 4.5886494 4.6478485 4.4067280 4.5461184 4.4742579 4.8139499 4.5193895 4.5438525 4.3369617 4.5028563 4.8765398 4.2934796 4.4122096 4.5618590 4.3920809 4.1657261 4.4123747 4.4005830 4.1046121 
Bbelcheri.LOC109482367_longchainfattyacidCoA_ligas 1.3059003 1.2882876 0.0000000 0.9818067 1.1275823 1.1804970 1.0514764 1.0555901 1.6666577 1.9148996 5.0441987 5.0092486 4.9603708 5.9051337 6.0040399 5.6831027 5.7111285 4.8475789 4.8467834 4.3950716 4.9915077 4.8962651 4.5454016 4.6477410 4.5906550 5.0244657 4.8142549 4.8561187 4.5046801 4.7679703 4.5209932 4.5104268 5.2829434 4.3855386 4.2519973 4.2158626 4.5554208 4.4064155 4.3126351 4.5607477 4.2748642 
Aplanci.LOC110987625_longchainfattyacidCoA_ligase_ 1.4540681 1.3158018 0.9818067 0.0000000 1.3112849 1.1916392 1.2258923 1.2862000 1.6285451 1.9861833 5.0105894 4.9028881 4.8803402 5.3628364 5.3675808 5.3895016 5.1049035 4.8103499 5.4453546 4.4891990 4.9283227 4.9895445 5.0014689 5.3667368 4.5254248 4.8118891 4.4878324 4.6912617 4.5183982 4.3989643 4.5485560 4.7413090 5.3831647 4.5094998 4.2858089 4.4162943 4.3801515 4.4383308 4.1520597 4.6254310 4.2774013 
Lanatina.XP_013385717.1_longchainfattyacidCoA_liga 1.5044274 1.2703731 1.1275823 1.3112849 0.0000000 1.0182323 1.0571977 1.3287380 1.6413747 2.1271118 5.1196978 5.5389091 5.4844504 5.5220693 5.9446137 5.3755986 5.7005559 4.9953274 5.3408181 4.5149295 5.3575873 5.4349237 4.8599508 4.8713956 4.8785086 4.9948134 4.7965695 4.5808663 4.8833582 4.8144810 4.6912672 4.4668101 5.2801221 4.5945968 4.3449306 4.5081958 4.5837493 4.6262761 4.0405569 4.5544655 4.3284675 
Myessoensis.XP_021368563.1_longchainfattyacidCoA_l 1.5920774 1.4697651 1.1804970 1.1916392 1.0182323 0.0000000 0.8295195 0.8771842 1.6868243 2.2235942 4.7609442 5.1848075 5.1514517 5.2182960 5.3980889 5.3828080 5.5191044 4.5638158 5.0672178 4.4531157 5.4211784 5.2060434 4.7750663 5.0608112 4.5420844 5.0317621 5.0053652 4.5812776 4.2634706 4.2628401 4.9700572 4.5124279 4.7966438 4.1631875 4.2005540 4.2589447 4.3410977 4.5978138 4.4982566 4.5213538 4.4251661 
Myessoensis.XP_021368611.1_longchainfattyacidCoA_l 1.5917124 1.3661847 1.0514764 1.2258923 1.0571977 0.8295195 0.0000000 0.8171894 1.5611766 2.0762689 4.8303514 5.1249558 5.0987179 5.3237368 5.5976224 5.1498162 5.4823457 4.6669698 4.8881035 4.2145785 4.6955107 4.6120871 4.5531906 4.6986727 4.5055754 4.6477405 4.5210650 4.2582140 4.0098358 4.2254565 4.5369380 4.4485032 4.6096267 4.2052157 3.8533859 4.2230018 4.0270328 4.2705964 4.0843680 4.0874323 4.0037578 
Myessoensis.XP_021368673.1_longchainfattyacidCoA_l 1.6217512 1.4032071 1.0555901 1.2862000 1.3287380 0.8771842 0.8171894 0.0000000 1.6348968 1.9509090 5.1122946 5.0677714 5.0576064 5.5753045 5.4542729 5.3900943 5.2274421 4.3046108 4.8388587 4.6804328 4.9740809 4.8228381 4.2944832 4.6846005 4.7331812 4.7212161 4.6959763 4.8516075 4.7063478 4.1066684 4.5434229 4.5234379 4.9909023 4.2285165 4.3661593 4.2462962 3.8984937 4.3476231 3.9485427 4.4307425 4.0913145 
Dmelanogaster.bgm_bubblegum_isoform_A              1.8351040 1.6208378 1.6666577 1.6285451 1.6413747 1.6868243 1.5611766 1.6348968 0.0000000 1.3113162 5.1171748 4.7065491 4.7144367 5.3563090 5.1188435 4.7264044 4.8051842 4.3497863 4.3281679 4.6999411 4.6028010 4.6176029 4.2482995 4.3507087 4.2854013 4.2664412 4.3343517 4.7152134 4.4143545 4.2806195 4.2184279 4.3004749 4.4917348 4.0453045 3.8944684 4.2897769 4.5302060 4.4281154 3.9984531 4.1718487 3.9687031 
Dmelanogaster.hll_heimdall                         1.9597181 2.0431838 1.9148996 1.9861833 2.1271118 2.2235942 2.0762689 1.9509090 1.3113162 0.0000000 4.8925941 4.7701783 4.6931969 4.7483682 5.0569188 4.7730098 4.8910418 4.5078708 4.5093488 4.7414425 4.6874866 4.9970083 5.1512343 4.8829388 4.5736384 4.4080724 4.5121798 4.4462117 4.3339780 4.7904175 4.4167712 4.6112770 4.4332164 4.0057275 4.6040443 4.7552504 4.4452741 4.7927057 4.7961521 4.1542306 4.1180471 
Hsapiens.NP_001305439.1_long-chain-fatty-acid--CoA 5.0815888 4.7819224 5.0441987 5.0105894 5.1196978 4.7609442 4.8303514 5.1122946 5.1171748 4.8925941 0.0000000 1.0447442 1.0276586 3.4928139 3.3465499 3.6905994 3.4317684 3.0757043 3.2253903 3.3917088 3.6893668 3.7951994 3.0307834 3.2023731 2.8602068 2.7111178 2.5836841 2.7765553 2.6609653 2.7397395 2.7344109 2.7093534 2.7675235 2.3645679 2.5820883 2.8552224 2.4912905 2.6182665 2.7848061 2.6515858 2.5362395 
Lanatina.XP_013383556.1_longchainfattyacidCoA_liga 4.8934778 4.9586622 5.0092486 4.9028881 5.5389091 5.1848075 5.1249558 5.0677714 4.7065491 4.7701783 1.0447442 0.0000000 0.0074917 4.3438315 4.2502287 4.0365788 4.2444462 3.2672634 3.3527687 3.4561590 3.9930768 4.0132630 3.4068238 3.6352823 3.0999692 3.0516946 3.1368523 3.3058372 3.1311058 2.9386148 3.3155722 3.1593894 3.4104483 2.8628477 3.1939539 3.2092528 2.7905909 2.9152576 3.2346086 3.2398278 2.7788188 
Lanatina.XP_013392775.1_longchainfattyacidCoA_liga 4.8836787 4.9556782 4.9603708 4.8803402 5.4844504 5.1514517 5.0987179 5.0576064 4.7144367 4.6931969 1.0276586 0.0074917 0.0000000 4.2899316 4.1831351 3.9931931 4.2242478 3.2548475 3.3415369 3.4380633 3.9650578 3.9751189 3.3965032 3.6041011 3.0910103 3.0731906 3.1099844 3.2730423 3.0954651 2.9415890 3.3249977 3.1074630 3.3417054 2.8556107 3.1716101 3.2082384 2.7835381 2.9113945 3.1880273 3.2171562 2.7552563 
Avaga.UJR25501.1_hypothetical_protein_I4U23_006847 5.3569658 5.6827868 5.9051337 5.3628364 5.5220693 5.2182960 5.3237368 5.5753045 5.3563090 4.7483682 3.4928139 4.3438315 4.2899316 0.0000000 0.4755176 0.8272381 0.9088986 3.0067476 3.2147099 2.7401115 3.1076584 3.1491431 2.8286705 2.8794672 2.4543222 2.5837687 2.5544351 2.4908256 2.5145613 2.3942562 2.3261305 2.4345096 2.5386541 2.2624870 2.4731565 2.4038179 2.3375647 2.3410694 2.3972018 2.2722300 2.2980291 
Avaga.UJR32409.1_hypothetical_protein_I4U23_019871 5.4850241 6.2518391 6.0040399 5.3675808 5.9446137 5.3980889 5.5976224 5.4542729 5.1188435 5.0569188 3.3465499 4.2502287 4.1831351 0.4755176 0.0000000 0.7265363 0.7756036 2.7645490 3.1372338 2.7118903 2.8630829 2.9493394 2.8469073 2.9353838 2.4818680 2.6204927 2.6645597 2.5247728 2.5240673 2.5409153 2.4570892 2.5326784 2.5695524 2.3918793 2.5284647 2.4754492 2.4022497 2.3871251 2.3569911 2.4239633 2.3015716 
Avaga.UJR32742.1_hypothetical_protein_I4U23_020201 4.9324531 5.6803172 5.6831027 5.3895016 5.3755986 5.3828080 5.1498162 5.3900943 4.7264044 4.7730098 3.6905994 4.0365788 3.9931931 0.8272381 0.7265363 0.0000000 0.5497423 2.7660578 3.1013851 2.8395208 3.0425564 3.1429517 2.9368057 3.0748073 2.5314443 2.6362048 2.7458068 2.5272182 2.5744779 2.4242978 2.4105112 2.2364060 2.5534758 2.3176126 2.5650382 2.4945131 2.5126788 2.4022968 2.3427224 2.3384814 2.1108729 
Avaga.UJR34834.1_hypothetical_protein_I4U23_027615 5.3188869 5.7214185 5.7111285 5.1049035 5.7005559 5.5191044 5.4823457 5.2274421 4.8051842 4.8910418 3.4317684 4.2444462 4.2242478 0.9088986 0.7756036 0.5497423 0.0000000 2.8312053 3.2058138 2.7627982 2.9334751 2.8798915 2.8979674 2.9852782 2.4744840 2.6257535 2.8898396 2.3175162 2.4649709 2.4564925 2.5699490 2.3265674 2.5393647 2.3736558 2.4457583 2.5058999 2.3189978 2.4161376 2.2960444 2.3858598 2.1938077 
Egranulosus.XP_024351612.1_LongchainfattyacidCoA_l 5.2828413 4.9212384 4.8475789 4.8103499 4.9953274 4.5638158 4.6669698 4.3046108 4.3497863 4.5078708 3.0757043 3.2672634 3.2548475 3.0067476 2.7645490 2.7660578 2.8312053 0.0000000 1.5284063 2.6628960 2.8540842 2.8805745 2.4122934 2.3877820 2.1803978 2.0246021 2.3975454 2.2276254 2.2974259 2.0087960 2.0434065 1.9239592 2.2064429 1.8587913 2.0311409 1.9573245 1.9454142 2.0145260 2.0138051 2.0947955 1.8522703 
Egranulosus.XP_024352788.1_LongchainfattyacidCoA_l 5.4158225 4.4782480 4.8467834 5.4453546 5.3408181 5.0672178 4.8881035 4.8388587 4.3281679 4.5093488 3.2253903 3.3527687 3.3415369 3.2147099 3.1372338 3.1013851 3.2058138 1.5284063 0.0000000 2.6289750 2.9607063 3.0099288 2.5846273 2.5926946 2.3804749 2.3305124 2.3629667 2.4474406 2.4842236 2.1283046 2.1525441 2.2407017 2.5097747 2.1130024 2.0595486 2.2902321 2.0142182 2.1190360 1.9670371 2.2603062 2.0999573 
Avaga.UJR18225.1_hypothetical_protein_I4U23_005124 4.2786238 4.2633845 4.3950716 4.4891990 4.5149295 4.4531157 4.2145785 4.6804328 4.6999411 4.7414425 3.3917088 3.4561590 3.4380633 2.7401115 2.7118903 2.8395208 2.7627982 2.6628960 2.6289750 0.0000000 0.4204740 0.4390010 2.0814409 2.0771393 2.0596272 2.1870867 2.3539932 1.9840516 2.0071282 2.1302850 1.9790246 2.0396654 2.1813695 1.9146855 1.8742997 1.8133109 2.2115048 2.0909643 2.0166232 1.9355252 1.7106133 
Avaga.UJR15662.1_hypothetical_protein_I4U23_002597 4.9136506 4.5651828 4.9915077 4.9283227 5.3575873 5.4211784 4.6955107 4.9740809 4.6028010 4.6874866 3.6893668 3.9930768 3.9650578 3.1076584 2.8630829 3.0425564 2.9334751 2.8540842 2.9607063 0.4204740 0.0000000 0.2297918 2.4312912 2.2735816 2.2686003 2.3407071 2.6450038 2.1233896 2.2547080 2.1186741 2.1552514 2.2140642 2.2798597 2.1762665 2.2120644 2.1595241 2.1396022 2.2466769 2.1216397 2.2086266 2.0259136 
Avaga.UJR15664.1_hypothetical_protein_I4U23_002598 5.0963978 4.4688320 4.8962651 4.9895445 5.4349237 5.2060434 4.6120871 4.8228381 4.6176029 4.9970083 3.7951994 4.0132630 3.9751189 3.1491431 2.9493394 3.1429517 2.8798915 2.8805745 3.0099288 0.4390010 0.2297918 0.0000000 2.4639041 2.3805216 2.1863259 2.4098049 2.4947471 2.1113966 2.2674641 2.1707777 2.1337110 2.2246074 2.2824385 2.1603150 2.2330911 2.1539073 2.2440059 2.2227910 2.1195803 2.3321856 2.0430817 
Avaga.UJR15018.1_hypothetical_protein_I4U23_001995 4.7469941 4.5886494 4.5454016 5.0014689 4.8599508 4.7750663 4.5531906 4.2944832 4.2482995 5.1512343 3.0307834 3.4068238 3.3965032 2.8286705 2.8469073 2.9368057 2.8979674 2.4122934 2.5846273 2.0814409 2.4312912 2.4639041 0.0000000 0.3348870 1.9217183 1.7570801 1.6841771 1.9691250 1.9427613 1.6970122 1.6710660 1.6785039 1.7025462 1.5105049 1.5763978 1.5005763 1.5909132 1.5312220 1.7268397 1.7223600 1.7133324 
Avaga.UJR31657.1_hypothetical_protein_I4U23_019138 4.7568964 4.6478485 4.6477410 5.3667368 4.8713956 5.0608112 4.6986727 4.6846005 4.3507087 4.8829388 3.2023731 3.6352823 3.6041011 2.8794672 2.9353838 3.0748073 2.9852782 2.3877820 2.5926946 2.0771393 2.2735816 2.3805216 0.3348870 0.0000000 1.9628503 1.7604874 1.8232595 1.9476713 1.8916879 1.7360847 1.7493471 1.7460302 1.8370317 1.6130508 1.6494382 1.5828434 1.6357062 1.5985641 1.8573960 1.8893512 1.9076133 
Aplanci.LOC110983877_longchainfattyacidCoA_ligase_ 4.4675708 4.4067280 4.5906550 4.5254248 4.8785086 4.5420844 4.5055754 4.7331812 4.2854013 4.5736384 2.8602068 3.0999692 3.0910103 2.4543222 2.4818680 2.5314443 2.4744840 2.1803978 2.3804749 2.0596272 2.2686003 2.1863259 1.9217183 1.9628503 0.0000000 1.7150865 1.6247520 1.6204769 1.7121133 1.4132248 1.4972017 1.4196294 1.5837756 1.4295249 1.3889324 1.4267028 1.3582817 1.2096436 1.5533852 1.6092730 1.4387202 
Dmelanogaster.CG3961_uncharacterized_protein_Dmel_ 5.0285697 4.5461184 5.0244657 4.8118891 4.9948134 5.0317621 4.6477405 4.7212161 4.2664412 4.4080724 2.7111178 3.0516946 3.0731906 2.5837687 2.6204927 2.6362048 2.6257535 2.0246021 2.3305124 2.1870867 2.3407071 2.4098049 1.7570801 1.7604874 1.7150865 0.0000000 1.5081446 1.4639979 1.5504105 1.3961541 1.2504949 1.3481978 1.3334096 1.4389700 1.1825346 1.2092528 1.2717290 1.2721807 1.3885326 1.5010677 1.2817772 
Bbelcheri.LOC109466554_longchainfattyacidCoA_ligas 4.9478022 4.4742579 4.8142549 4.4878324 4.7965695 5.0053652 4.5210650 4.6959763 4.3343517 4.5121798 2.5836841 3.1368523 3.1099844 2.5544351 2.6645597 2.7458068 2.8898396 2.3975454 2.3629667 2.3539932 2.6450038 2.4947471 1.6841771 1.8232595 1.6247520 1.5081446 0.0000000 1.5281053 1.5332037 1.4324184 1.3050690 1.3431508 1.4958147 1.2027038 1.2632019 1.3283964 1.2085278 1.1366513 1.3131862 1.4812574 1.4388774 
Cintestinalis.LOC100185939_longchainfattyacidCoA_l 4.8917132 4.8139499 4.8561187 4.6912617 4.5808663 4.5812776 4.2582140 4.8516075 4.7152134 4.4462117 2.7765553 3.3058372 3.2730423 2.4908256 2.5247728 2.5272182 2.3175162 2.2276254 2.4474406 1.9840516 2.1233896 2.1113966 1.9691250 1.9476713 1.6204769 1.4639979 1.5281053 0.0000000 0.4044978 1.3894686 1.3554427 1.2774528 1.4681077 1.2453786 1.3878732 1.3322237 1.2676627 1.1136996 1.3760649 1.4303648 1.3719553 
Cintestinalis.LOC100175746_longchainfattyacidCoA_l 4.8117790 4.5193895 4.5046801 4.5183982 4.8833582 4.2634706 4.0098358 4.7063478 4.4143545 4.3339780 2.6609653 3.1311058 3.0954651 2.5145613 2.5240673 2.5744779 2.4649709 2.2974259 2.4842236 2.0071282 2.2547080 2.2674641 1.9427613 1.8916879 1.7121133 1.5504105 1.5332037 0.4044978 0.0000000 1.3863188 1.4008006 1.3208516 1.5311376 1.2768296 1.3073448 1.2826819 1.2285948 1.1352055 1.4771185 1.4329540 1.3411395 
Aplanci.LOC110973886_longchainfattyacidCoA_ligase_ 4.5640545 4.5438525 4.7679703 4.3989643 4.8144810 4.2628401 4.2254565 4.1066684 4.2806195 4.7904175 2.7397395 2.9386148 2.9415890 2.3942562 2.5409153 2.4242978 2.4564925 2.0087960 2.1283046 2.1302850 2.1186741 2.1707777 1.6970122 1.7360847 1.4132248 1.3961541 1.4324184 1.3894686 1.3863188 0.0000000 1.3225489 1.3346857 1.4135107 1.0954263 1.2778302 1.2373807 1.1534414 1.2975981 1.3617033 1.2637628 1.2431403 
Hsapiens.NP_976313.1_long-chain-fatty-acid--CoA_li 4.5724654 4.3369617 4.5209932 4.5485560 4.6912672 4.9700572 4.5369380 4.5434229 4.2184279 4.4167712 2.7344109 3.3155722 3.3249977 2.3261305 2.4570892 2.4105112 2.5699490 2.0434065 2.1525441 1.9790246 2.1552514 2.1337110 1.6710660 1.7493471 1.4972017 1.2504949 1.3050690 1.3554427 1.4008006 1.3225489 0.0000000 0.7340351 0.7320409 1.1857984 1.2090086 1.1650458 1.2449389 1.0778998 1.1988870 1.2841386 1.1594469 
Hsapiens.NP_001986.2_long-chain-fatty-acid--CoA_li 4.5274742 4.5028563 4.5104268 4.7413090 4.4668101 4.5124279 4.4485032 4.5234379 4.3004749 4.6112770 2.7093534 3.1593894 3.1074630 2.4345096 2.5326784 2.2364060 2.3265674 1.9239592 2.2407017 2.0396654 2.2140642 2.2246074 1.6785039 1.7460302 1.4196294 1.3481978 1.3431508 1.2774528 1.3208516 1.3346857 0.7340351 0.0000000 0.6077349 1.1728335 1.1963384 1.2070977 1.2408698 1.0406649 1.1644619 1.3413421 1.1289679 
Hsapiens.NP_001009185.1_long-chain-fatty-acid--CoA 4.9207010 4.8765398 5.2829434 5.3831647 5.2801221 4.7966438 4.6096267 4.9909023 4.4917348 4.4332164 2.7675235 3.4104483 3.3417054 2.5386541 2.5695524 2.5534758 2.5393647 2.2064429 2.5097747 2.1813695 2.2798597 2.2824385 1.7025462 1.8370317 1.5837756 1.3334096 1.4958147 1.4681077 1.5311376 1.4135107 0.7320409 0.6077349 0.0000000 1.2863699 1.3623236 1.3043820 1.1813535 1.1194750 1.2501711 1.4989804 1.3063466 
Bbelcheri.LOC109485423_longchainfattyacidCoA_ligas 4.4871770 4.2934796 4.3855386 4.5094998 4.5945968 4.1631875 4.2052157 4.2285165 4.0453045 4.0057275 2.3645679 2.8628477 2.8556107 2.2624870 2.3918793 2.3176126 2.3736558 1.8587913 2.1130024 1.9146855 2.1762665 2.1603150 1.5105049 1.6130508 1.4295249 1.4389700 1.2027038 1.2453786 1.2768296 1.0954263 1.1857984 1.1728335 1.2863699 0.0000000 1.1290266 0.9343735 1.0308148 1.0465888 1.1926292 1.2611478 1.0998758 
Lanatina.XP_013381850.1_longchainfattyacidCoA_liga 4.5308622 4.4122096 4.2519973 4.2858089 4.3449306 4.2005540 3.8533859 4.3661593 3.8944684 4.6040443 2.5820883 3.1939539 3.1716101 2.4731565 2.5284647 2.5650382 2.4457583 2.0311409 2.0595486 1.8742997 2.2120644 2.2330911 1.5763978 1.6494382 1.3889324 1.1825346 1.2632019 1.3878732 1.3073448 1.2778302 1.2090086 1.1963384 1.3623236 1.1290266 0.0000000 0.8617007 1.0254772 1.0824576 1.0664245 1.2480163 1.0723762 
Myessoensis.XP_021350485.1_longchainfattyacidCoA_l 4.8604190 4.5618590 4.2158626 4.4162943 4.5081958 4.2589447 4.2230018 4.2462962 4.2897769 4.7552504 2.8552224 3.2092528 3.2082384 2.4038179 2.4754492 2.4945131 2.5058999 1.9573245 2.2902321 1.8133109 2.1595241 2.1539073 1.5005763 1.5828434 1.4267028 1.2092528 1.3283964 1.3322237 1.2826819 1.2373807 1.1650458 1.2070977 1.3043820 0.9343735 0.8617007 0.0000000 1.2097178 1.0678490 1.0941458 1.1850531 1.1269749 
Bbelcheri.LOC109470327_longchainfattyacidCoA_ligas 4.9439754 4.3920809 4.5554208 4.3801515 4.5837493 4.3410977 4.0270328 3.8984937 4.5302060 4.4452741 2.4912905 2.7905909 2.7835381 2.3375647 2.4022497 2.5126788 2.3189978 1.9454142 2.0142182 2.2115048 2.1396022 2.2440059 1.5909132 1.6357062 1.3582817 1.2717290 1.2085278 1.2676627 1.2285948 1.1534414 1.2449389 1.2408698 1.1813535 1.0308148 1.0254772 1.2097178 0.0000000 0.9671926 1.2055464 1.1046579 1.1170801 
Bbelcheri.LOC109479541_longchainfattyacidCoA_ligas 4.2729368 4.1657261 4.4064155 4.4383308 4.6262761 4.5978138 4.2705964 4.3476231 4.4281154 4.7927057 2.6182665 2.9152576 2.9113945 2.3410694 2.3871251 2.4022968 2.4161376 2.0145260 2.1190360 2.0909643 2.2466769 2.2227910 1.5312220 1.5985641 1.2096436 1.2721807 1.1366513 1.1136996 1.1352055 1.2975981 1.0778998 1.0406649 1.1194750 1.0465888 1.0824576 1.0678490 0.9671926 0.0000000 0.9948897 1.0736976 1.0115220 
Myessoensis.XP_021358594.1_longchainfattyacidCoA_l 4.6430627 4.4123747 4.3126351 4.1520597 4.0405569 4.4982566 4.0843680 3.9485427 3.9984531 4.7961521 2.7848061 3.2346086 3.1880273 2.3972018 2.3569911 2.3427224 2.2960444 2.0138051 1.9670371 2.0166232 2.1216397 2.1195803 1.7268397 1.8573960 1.5533852 1.3885326 1.3131862 1.3760649 1.4771185 1.3617033 1.1988870 1.1644619 1.2501711 1.1926292 1.0664245 1.0941458 1.2055464 0.9948897 0.0000000 1.0520149 1.0085496 
Lanatina.XP_013395506.1_longchainfattyacidCoA_liga 5.1737781 4.4005830 4.5607477 4.6254310 4.5544655 4.5213538 4.0874323 4.4307425 4.1718487 4.1542306 2.6515858 3.2398278 3.2171562 2.2722300 2.4239633 2.3384814 2.3858598 2.0947955 2.2603062 1.9355252 2.2086266 2.3321856 1.7223600 1.8893512 1.6092730 1.5010677 1.4812574 1.4303648 1.4329540 1.2637628 1.2841386 1.3413421 1.4989804 1.2611478 1.2480163 1.1850531 1.1046579 1.0736976 1.0520149 0.0000000 0.6207078 
Lanatina.XP_013395507.1_longchainfattyacidCoA_liga 4.7379131 4.1046121 4.2748642 4.2774013 4.3284675 4.4251661 4.0037578 4.0913145 3.9687031 4.1180471 2.5362395 2.7788188 2.7552563 2.2980291 2.3015716 2.1108729 2.1938077 1.8522703 2.0999573 1.7106133 2.0259136 2.0430817 1.7133324 1.9076133 1.4387202 1.2817772 1.4388774 1.3719553 1.3411395 1.2431403 1.1594469 1.1289679 1.3063466 1.0998758 1.0723762 1.1269749 1.1170801 1.0115220 1.0085496 0.6207078 0.0000000 
